Capteur de temperature
Interieur U3 3 308
temperature C
Temps h
0 25
1 26
2 27
3 25
4 24
5 22
6 20
7 17
8 13
9 11
10 9
11 8
12 6
13 5
14 4
15 4
16 5
17 3
18 0
19 -1
20 -2
21 -3
22 -1
23 0
24 0
25 1
26 3
27 5
28 10
29 12
30 16
31 17
32 20
33 21
34 22
35 23
36 22
37 24
38 25
39 24
40 25
41 26
42 27
43 25
44 24
45 25
46 26
47 27
48 25
49 24
end

Capteur d'humidite
Interieur U3 3 308
humidite %
Temps min
0 25
1 26
2 27
3 25
4 24
5 25
6 26
7 27
8 25
9 24
10 25
11 26
12 27
13 30
14 40
15 50
16 51
17 48
18 35
19 31
20 25
21 26
22 27
23 25
24 24
25 34
26 38
27 51
28 58
29 62
30 74
31 72
32 69
33 61
34 54
35 49
36 51
37 51
38 48
39 43
40 38
41 37
42 34
43 31
44 29
45 25
46 26
47 27
48 25
49 24
end

Capteur de luminosite
Interieur U3 3 308
Luminosite lum
Temps h
0 146
1 163
2 150
3 160
4 165
5 178
6 210
7 350
8 600
9 756
10 840
11 902
12 1031
13 1034
14 1020
15 970
16 950
17 857
18 745
19 732
20 640
21 320
22 210
23 156
24 140
25 146
26 163
27 150
28 160
29 165
30 178
31 210
32 350
33 600
34 756
35 840
36 902
37 1031
38 1034
39 1020
40 970
41 950
42 857
43 745
44 732
45 640
46 320
47 210
48 156
49 140
end

Capteur de volume sonore
Interieur U3 3 308
son dB
Temps min
0 20
1 34
2 36
3 40
4 43
5 49
6 42
7 43
8 46
9 50
10 51
11 48
12 62
13 64
14 60
15 67
16 61
17 54
18 52
19 53
20 50
21 55
22 56
23 59
24 51
25 49
26 60
27 57
28 54
29 42
30 38
31 34
32 39
33 51
34 58
35 61
36 62
37 64
38 70
39 71
40 75
41 80
42 82
43 79
44 86
45 82
46 74
47 62
48 75
49 80
50 95
51 91
52 86
53 82
54 87
55 91
56 104
57 116
58 114
59 117
60 120
end

Capteur de consommation electrique
Interieur U3 3 308
Consommation W
Temps h
0 0
1 5
2 4
3 7
4 4
5 3
6 9
7 50
8 350
9 600
10 750
11 810
12 618
13 620
14 617
15 740
16 860
17 1005
18 751
19 624
20 210
21 94
22 19
23 20
24 4
25 150
end

Capteur d'eau
Interieur U3 3 308
eau l
Temps j
0 74
1 61
2 48
3 46
4 80
5 49
6 24
end

Capteur de vitesse du vent
Exterieur 20 54
vent km/h
Temps h
0 70
1 62
2 69
3 81
4 95
5 102
6 110
7 115
8 109
9 107
10 83
11 61
12 50
13 46
14 44
15 43
16 31
17 22
18 23
19 24
20 17
21 8
22 0
23 9
24 10
end

Capteur de pression
Exterieur 20 54
pression hPa
Temps h
0 1013
1 1024
2 1040
3 1020
4 1021
5 1029
6 1031
7 1027
8 1025
9 1023
10 1019
11 1017
12 1017
13 1018
14 1015
15 1011
16 1009
17 1004
18 1003
19 997
20 991
21 996
22 1001
23 1004
24 1012
end
